[
[ 0.0 194006.62728132843 199585.80297627798 101829.27662176415 53808.26342519826 38495.951998481076 13978.497677676114 57620.398298289845 9781.634303445644 12269.727709574918 126216.21241134522 60502.53551691007 62462.51093951398 8911.332401374986 203136.45340218092 187924.05663040123 205095.5375055002 195733.1972618378 204261.03737261074 189486.2764787346 195324.75381419732 274607.7261160591 161039.58731021386 232331.939655752 204971.0342511626 228691.8764265887 109896.02734392529 93962.6197125079 ]
[ 194006.62728132843 0.0 30279.695497426626 101215.89372403511 154744.82648978705 170942.4091696373 205632.53522053253 160080.64424889314 201980.37924701252 184665.2743929042 192610.99866018633 219335.81736453722 221295.7927871412 202302.1801464225 10568.075621600376 6461.389179164885 15401.336286567377 25031.32714080902 24385.512625587984 75079.16131625512 24622.88369316858 128422.00513694437 51313.2847401604 145085.3460443535 30212.121842112854 138378.1134383401 105253.99531533626 123317.90948370197 ]
[ 199585.80297627798 30279.695497426626 0.0 101801.2364354803 162977.84493470096 179175.42761455118 209063.42643297306 168313.66269380704 205411.27045945296 189302.31894542946 178892.77023172678 227568.8358094511 229528.811232055 206939.22469894763 19719.34113442499 34186.60175298737 31652.975281716077 8160.4667216119215 6312.4154552605505 48656.13614701108 7897.902516348738 100791.38219625283 38440.5857818938 118662.32087510951 6960.885647652816 111955.08826909612 122488.81754669371 114873.77238322525 ]
[ 101829.27662176415 101215.89372403511 101801.2364354803 0.0 61765.92835948114 77963.51103933134 112653.63709022642 67101.74611858724 109001.4811167064 91686.37626259819 136078.4313102469 126356.91923423116 128316.89465683508 109323.28201611638 109945.93285418597 94823.12321345093 111994.6040885499 98143.30298444901 106671.14309522207 91896.38220134578 97734.85953680857 177017.83183867004 63449.693032825206 145066.89752004825 107381.13997377394 138972.67869294787 22774.109110291734 42969.35554511431 ]
[ 53808.26342519826 154744.82648978705 162977.84493470096 61765.92835948114 0.0 18578.960914874384 66519.14290010049 6399.649686871739 62322.27952586999 48513.46975214705 154240.82104578262 69154.4867730486 71114.46219565252 61383.72978153346 162779.96998331512 147567.5732115355 164739.05408663437 158463.07063357547 166990.91074434848 152216.14985047225 158054.62718593504 237337.5994877967 123769.46068195166 201708.84927430266 167700.90762290035 195614.63044720225 69539.54392505952 73322.4751109014 ]
[ 38495.951998481076 170942.4091696373 179175.42761455118 77963.51103933134 18578.960914874384 0.0 51369.06231871232 22333.280002508513 47172.19894448184 33363.3891707589 150789.38683662974 54004.40619166043 55964.381614264355 46233.64920014531 179094.66966182325 163882.27289004356 181053.75376514252 174777.7703120836 183305.61042285664 168530.84952898038 174369.32686444314 253652.29916630482 140084.16036045985 217948.0879904855 184015.60730140848 211853.86916338504 85854.24360356775 78097.98665009186 ]
[ 13978.497677676114 205632.53522053253 209063.42643297306 112653.63709022642 66519.14290010049 51369.06231871232 0.0 70375.55340115946 9648.97609675282 21232.595183074485 114715.13093167645 72654.45102791014 74614.42645051407 10789.345112188197 214089.33723110563 198876.94045932594 216048.4213344249 205354.77947617354 213882.61958694647 199107.85869307033 204946.33602853306 284229.3083303943 170661.16952454965 237894.07063992345 214592.61646549834 238313.45864092442 120848.91117284985 102385.46556728354 ]
[ 57620.398298289845 160080.64424889314 168313.66269380704 67101.74611858724 6399.649686871739 22333.280002508513 70375.55340115946 0.0 66009.5744473339 52200.764673610945 160170.0513744446 65242.14419385512 67202.11961645908 65071.024702997354 168143.22424839126 152930.82747661162 170102.3083517105 163826.3248986516 172354.1650094246 157579.4041155484 163417.88145101117 242700.85375287282 129132.71494702782 207072.1035393788 173064.1618879765 200977.88471227838 74902.79819013568 78685.72937597756 ]
[ 9781.634303445644 201980.37924701252 205411.27045945296 109001.4811167064 62322.27952586999 47172.19894448184 9648.97609675282 66009.5744473339 0.0 17526.567919963058 121904.93897305583 69506.23533150271 71466.21075410662 9967.088405146083 210383.30996799425 195170.91319621456 212342.39407131352 201648.75221306217 210176.5923238351 195401.83142995895 201240.30876542168 280523.2810672832 166955.14226143828 234188.04337681207 210886.58920238697 234607.43137781305 117142.88390973843 98679.43830417212 ]
[ 12269.727709574918 184665.2743929042 189302.31894542946 91686.37626259819 48513.46975214705 33363.3891707589 21232.595183074485 52200.764673610945 17526.567919963058 0.0 123453.62793726442 63162.57344840836 65122.54887101227 20248.533674563696 193044.53601644398 177832.1392446643 195003.62011976325 185641.27987610086 194169.1199868738 179394.35909299765 185232.83642846037 264515.80873032205 150947.6699244769 221484.58896817654 194879.11686542566 218599.95904085174 99804.10995818819 83115.26902493258 ]
[ 126216.21241134522 192610.99866018633 178892.77023172678 136078.4313102469 154240.82104578262 150789.38683662974 114715.13093167645 160170.0513744446 121904.93897305583 123453.62793726442 0.0 184800.37126826376 186760.3466908677 122429.23745305234 191505.32221164397 188994.6929071656 203941.02918315152 178732.81340937037 184710.33869371502 141938.50000475568 178324.36996172994 206852.31977195732 141067.51562036446 136527.02824383328 185420.33557226692 142650.58075390765 156992.35267227687 114699.51998532332 ]
[ 60502.53551691007 219335.81736453722 227568.8358094511 126356.91923423116 69154.4867730486 54004.40619166043 72654.45102791014 65242.14419385512 69506.23533150271 63162.57344840836 184800.37126826376 0.0 3180.9379368801065 65709.38119326519 227834.9077222629 212622.5109504832 229793.99182558217 223518.00837252324 232045.8484832963 217271.08758942003 223109.56492488278 302392.5372267445 188824.39842089938 263395.3058371795 232755.84536184813 257301.08701007895 134594.48166400727 123422.38042339376 ]
[ 62462.51093951398 221295.7927871412 229528.811232055 128316.89465683508 71114.46219565252 55964.381614264355 74614.42645051407 67202.11961645908 71466.21075410662 65122.54887101227 186760.3466908677 3180.9379368801065 0.0 67720.621537001 229846.1480659987 214633.75129421902 231805.23216931798 225529.24871625906 234057.0888270321 219282.32793315584 225120.8052686186 304403.77757048025 190835.6387646352 265406.54618091526 234767.08570558394 259312.32735381476 136605.72200774308 125433.62076712959 ]
[ 8911.332401374986 202302.1801464225 206939.22469894763 109323.28201611638 61383.72978153346 46233.64920014531 10789.345112188197 65071.024702997354 9967.088405146083 20248.533674563696 122429.23745305234 65709.38119326519 67720.621537001 0.0 210567.22272480198 195354.8259530223 212526.30682812125 203163.9665844589 211691.80669523182 196917.04580135568 202755.52313681837 282038.49543867976 168470.35663283494 240631.76729446818 212401.80357378366 236122.64574920974 117326.79666654626 102243.93916252408 ]
[ 203136.45340218092 10568.075621600376 19719.34113442499 109945.93285418597 162779.96998331512 179094.66966182325 214089.33723110563 168143.22424839126 210383.30996799425 193044.53601644398 191505.32221164397 227834.9077222629 229846.1480659987 210567.22272480198 0.0 15607.794035345009 15138.424394898682 22303.02186408233 13900.652068943144 65380.8695205672 22153.827411162103 117937.14458029947 50468.01539288474 135387.05424866558 19727.26128546802 128679.82164265224 114362.2745389312 122909.48029143139 ]
[ 187924.05663040123 6461.389179164885 34186.60175298737 94823.12321345093 147567.5732115355 163882.27289004356 198876.94045932594 152930.82747661162 195170.91319621456 177832.1392446643 188994.6929071656 212622.5109504832 214633.75129421902 195354.8259530223 15607.794035345009 0.0 17439.038532399798 27665.623377843596 29359.722268534788 77713.45755328964 27257.179930203158 133396.21477989122 53947.58097719504 147719.6422813883 35186.33148505964 141012.40967537492 99225.97246517891 117718.72407646125 ]
[ 205095.5375055002 15401.336286567377 31652.975281716077 111994.6040885499 164739.05408663437 181053.75376514252 216048.4213344249 170102.3083517105 212342.39407131352 195003.62011976325 203941.02918315152 229793.99182558217 231805.23216931798 212526.30682812125 15138.424394898682 17439.038532399798 0.0 34199.43704135213 25797.067246212948 77277.28469783693 34050.24258843191 129189.31955884212 62986.88240476632 147283.4694259355 30709.062149209683 140576.23681992205 116642.40017107123 134707.0651881518 ]
[ 195733.1972618378 25031.32714080902 8160.4667216119215 98143.30298444901 158463.07063357547 174777.7703120836 205354.77947617354 163826.3248986516 201648.75221306217 185641.27987610086 178732.81340937037 223518.00837252324 225529.24871625906 203163.9665844589 22303.02186408233 27665.623377843596 34199.43704135213 0.0 11033.679068650432 50047.83417544612 431.84332995715613 108573.08121866897 37302.61088137313 120054.01890354454 13100.163687584276 113346.78629753114 116131.49597377116 111082.41898743961 ]
[ 204261.03737261074 24385.512625587984 6312.4154552605505 106671.14309522207 166990.91074434848 183305.61042285664 213882.61958694647 172354.1650094246 210176.5923238351 194169.1199868738 184710.33869371502 232045.8484832963 234057.0888270321 211691.80669523182 13900.652068943144 29359.722268534788 25797.067246212948 11033.679068650432 0.0 53828.40717949019 10860.955384836345 104479.79400280783 43612.85681437291 123834.5919075887 6269.910707976398 117127.35930157531 125914.0797317406 120046.04341570445 ]
[ 189486.2764787346 75079.16131625512 48656.13614701108 91896.38220134578 152216.14985047225 168530.84952898038 199107.85869307033 157579.4041155484 195401.83142995895 179394.35909299765 141938.50000475568 217271.08758942003 219282.32793315584 196917.04580135568 65380.8695205672 77713.45755328964 77277.28469783693 50047.83417544612 53828.40717949019 0.0 51798.06200734387 93765.2998912413 28395.247758342415 76297.8997354159 56009.77479246523 69350.85619860425 112683.26969534684 104828.43435967379 ]
[ 195324.75381419732 24622.88369316858 7897.902516348738 97734.85953680857 158054.62718593504 174369.32686444314 204946.33602853306 163417.88145101117 201240.30876542168 185232.83642846037 178324.36996172994 223109.56492488278 225120.8052686186 202755.52313681837 22153.827411162103 27257.179930203158 34050.24258843191 431.84332995715613 10860.955384836345 51798.06200734387 0.0 108460.75568199645 36870.76755141597 120525.00775960901 12987.83815091176 113817.77515359562 115699.65264381403 110650.57565748248 ]
[ 274607.7261160591 128422.00513694437 100791.38219625283 177017.83183867004 237337.5994877967 253652.29916630482 284229.3083303943 242700.85375287282 280523.2810672832 264515.80873032205 206852.31977195732 302392.5372267445 304403.77757048025 282038.49543867976 117937.14458029947 133396.21477989122 129189.31955884212 108573.08121866897 104479.79400280783 93765.2998912413 108460.75568199645 0.0 113353.71689074348 73925.18109675763 99418.3386403683 67254.14160617883 197641.73882774787 189786.9034920748 ]
[ 161039.58731021386 51313.2847401604 38440.5857818938 63449.693032825206 123769.46068195166 140084.16036045985 170661.16952454965 129132.71494702782 166955.14226143828 150947.6699244769 141067.51562036446 188824.39842089938 190835.6387646352 168470.35663283494 50468.01539288474 53947.58097719504 62986.88240476632 37302.61088137313 43612.85681437291 28395.247758342415 36870.76755141597 113353.71689074348 0.0 104599.52447044631 44495.34505644858 97652.48093363467 85424.54893387953 77569.71359820648 ]
[ 232331.939655752 145085.3460443535 118662.32087510951 145066.89752004825 201708.84927430266 217948.0879904855 237894.07063992345 207072.1035393788 234188.04337681207 221484.58896817654 136527.02824383328 263395.3058371795 265406.54618091526 240631.76729446818 135387.05424866558 147719.6422813883 147283.4694259355 120054.01890354454 123834.5919075887 76297.8997354159 120525.00775960901 73925.18109675763 104599.52447044631 0.0 124455.18341456843 6921.992702022367 165657.6218626117 146708.45787570113 ]
[ 204971.0342511626 30212.121842112854 6960.885647652816 107381.13997377394 167700.90762290035 184015.60730140848 214592.61646549834 173064.1618879765 210886.58920238697 194879.11686542566 185420.33557226692 232755.84536184813 234767.08570558394 212401.80357378366 19727.26128546802 35186.33148505964 30709.062149209683 13100.163687584276 6269.910707976398 56009.77479246523 12987.83815091176 99418.3386403683 44495.34505644858 124455.18341456843 0.0 117648.21961036044 127587.15861025754 120566.90372448957 ]
[ 228691.8764265887 138378.1134383401 111955.08826909612 138972.67869294787 195614.63044720225 211853.86916338504 238313.45864092442 200977.88471227838 234607.43137781305 218599.95904085174 142650.58075390765 257301.08701007895 259312.32735381476 236122.64574920974 128679.82164265224 141012.40967537492 140576.23681992205 113346.78629753114 117127.35930157531 69350.85619860425 113817.77515359562 67254.14160617883 97652.48093363467 6921.992702022367 117648.21961036044 0.0 160138.1053268796 143334.34659237042 ]
[ 109896.02734392529 105253.99531533626 122488.81754669371 22774.109110291734 69539.54392505952 85854.24360356775 120848.91117284985 74902.79819013568 117142.88390973843 99804.10995818819 156992.35267227687 134594.48166400727 136605.72200774308 117326.79666654626 114362.2745389312 99225.97246517891 116642.40017107123 116131.49597377116 125914.0797317406 112683.26969534684 115699.65264381403 197641.73882774787 85424.54893387953 165657.6218626117 127587.15861025754 160138.1053268796 0.0 61510.22155074313 ]
[ 93962.6197125079 123317.90948370197 114873.77238322525 42969.35554511431 73322.4751109014 78097.98665009186 102385.46556728354 78685.72937597756 98679.43830417212 83115.26902493258 114699.51998532332 123422.38042339376 125433.62076712959 102243.93916252408 122909.48029143139 117718.72407646125 134707.0651881518 111082.41898743961 120046.04341570445 104828.43435967379 110650.57565748248 189786.9034920748 77569.71359820648 146708.45787570113 120566.90372448957 143334.34659237042 61510.22155074313 0.0 ]
]