[
[ 0.0 184777.743487196 121043.23495952049 21288.036753382734 88348.31919234106 64849.76949638581 82513.95547837138 39147.510055643375 254747.35410160894 220709.19089066717 166228.68379373857 215332.15400412402 201163.19102747538 218076.9611032471 201390.68833944344 156850.91315641228 170926.59005319586 147077.75568681708 136523.98738511448 232541.80032923268 106170.82532988809 127574.40207046279 129002.35693941434 129753.84840871405 183882.52355545058 112577.83497255473 98137.98706272409 ]
[ 184777.743487196 0.0 144595.68456573682 163945.8434212274 222060.81237341274 187960.42588053484 215971.71189350303 218188.8332399473 76226.27762765561 42501.56764554576 63959.220684207874 33548.06429348754 16431.797702217384 39555.88462929394 28853.898624801375 29156.989606377505 76776.21344973976 48041.08706749068 53920.84307535635 81416.77416605498 219113.37201111537 164037.93767240108 153238.20278747645 84543.03057235293 119756.6871559614 145009.54012672484 90149.76817122928 ]
[ 121043.23495952049 144595.68456573682 0.0 103710.05561037427 107432.43352538753 150896.84827443014 101343.33304547785 145077.85739486793 214855.3181483012 181130.60816619135 96725.47924311152 166958.82245152167 160844.56834440722 178184.92514993952 150365.84904357407 123486.34773872714 85445.4609054632 118388.76578385672 107834.99748215413 130155.5183234241 83681.24117282746 19986.767376503572 9187.032491578833 69869.61915088247 81496.24154964181 9928.113591940686 69448.9971597636 ]
[ 21288.036753382734 163945.8434212274 103710.05561037427 0.0 89436.59833909386 58428.37754587621 83347.49785918418 54242.98981872003 234049.46282196863 200011.29961102686 145530.79251409826 194634.26272448365 180465.299747835 197379.06982360678 180692.79705980307 136153.0218767719 150228.69877355554 126379.86440717666 115826.0961054741 214145.97457471568 102542.57187614155 113388.9389398941 110606.53118489737 109055.95712907362 165486.6978009336 94182.0092180378 77440.09578308366 ]
[ 88348.31919234106 222060.81237341274 107432.43352538753 89436.59833909386 0.0 147752.125597338 6368.0426573321265 75786.88402316892 293009.7449906435 259285.03500853345 191483.25289428374 253167.95816339774 238998.99518674926 256339.35199228162 239226.49249871733 194686.71731568617 186762.29090304114 187445.11075897724 176891.34245727467 229987.42672591645 31021.0794389863 103677.06405739213 108088.50613125066 154741.09925453633 177008.09381369987 103451.66853991876 138505.34213488403 ]
[ 64849.76949638581 187960.42588053484 150896.84827443014 58428.37754587621 147752.125597338 0.0 140776.48884799567 95634.96333382161 255719.08455157527 221680.92134063368 183878.3206378103 219899.85834647916 205153.51697498615 219048.69155321355 210462.60914605166 172375.94326513042 188576.22689726754 148049.4861367833 137495.7178350807 252146.807627533 159971.56286495327 169338.31687125136 158538.58198632664 147403.4852527857 211037.75022038785 142114.06001946723 114272.45547936903 ]
[ 82513.95547837138 215971.71189350303 101343.33304547785 83347.49785918418 6368.0426573321265 140776.48884799567 0.0 69845.77084308848 286801.00937883765 253076.29939672755 185274.51728247784 246959.22255159184 232790.25957494337 250130.61638047572 233017.75688691143 188477.98170388027 180553.55529123524 181236.37514717135 170682.60684546878 223717.3526892529 24947.432996439962 97406.99002072848 101818.43209458701 148532.36364273043 170738.0197770363 97181.59450325511 132296.60652307823 ]
[ 39147.510055643375 218188.8332399473 145077.85739486793 54242.98981872003 75786.88402316892 95634.96333382161 69845.77084308848 0.0 287441.5340320093 253403.37082106754 198922.86372413894 248026.33393452433 233857.37095787568 250771.14103364747 234084.86826984375 189545.0930868126 203620.76998359623 179771.9356172174 169218.16731551487 257556.8614867837 93639.92757373517 148915.75710920288 152760.2479949293 162448.02833911442 208897.58471300147 135985.20445541243 130832.16699312457 ]
[ 254747.35410160894 76226.27762765561 214855.3181483012 234049.46282196863 293009.7449906435 255719.08455157527 286801.00937883765 287441.5340320093 0.0 39611.36473323559 134143.7990299703 90456.93442504338 67004.06344143375 39950.49246252888 94063.16906506753 99341.56795213978 146960.7917955022 110874.83820378048 120727.46183271738 141265.81167924876 289297.9503568777 234222.51601816338 223422.78113323875 154727.6089181153 191790.24667170705 215194.11847248714 156956.38692859028 ]
[ 220709.19089066717 42501.56764554576 181130.60816619135 200011.29961102686 259285.03500853345 221680.92134063368 253076.29939672755 253403.37082106754 39611.36473323559 0.0 100190.78628855162 60832.91226145818 35266.44716590049 3377.168105722713 61463.90414719494 65388.55521072105 113007.77905408344 73887.52679030174 85882.77406899902 111641.78951566342 255344.93761545906 200269.50327674477 189469.76839182014 120774.5961766966 160421.9712678025 181241.10573106853 122787.45755557375 ]
[ 166228.68379373857 63959.220684207874 96725.47924311152 145530.79251409826 191483.25289428374 183878.3206378103 185274.51728247784 198922.86372413894 134143.7990299703 100190.78628855162 0.0 75241.12658195013 72513.22989285282 97656.35936034146 58648.15317400231 43899.62740012018 12950.62024506461 71933.52254726079 67862.04564922674 71145.07972293341 176366.43015505574 116248.17307101228 105448.43818608756 36798.04770945156 82695.89889713643 98679.08838164878 74737.87551375748 ]
[ 215332.15400412402 33548.06429348754 166958.82245152167 194634.26272448365 253167.95816339774 219899.85834647916 246959.22255159184 248026.33393452433 90456.93442504338 60832.91226145818 75241.12658195013 0.0 26191.004977806955 57308.98583288327 17232.062946717193 59431.80705038445 87872.50075357391 78848.70118650491 84728.45719437058 52251.02458174364 246443.34282463745 176159.11647198218 175525.35085566918 106830.17864054556 102775.4595742022 168756.0010512304 120957.38229024343 ]
[ 201163.19102747538 16431.797702217384 160844.56834440722 180465.299747835 238998.99518674926 205153.51697498615 232790.25957494337 233857.37095787568 67004.06344143375 35266.44716590049 72513.22989285282 26191.004977806955 0.0 32077.628077740155 27112.148695311065 45626.182804332726 84925.42721830921 63634.64495106385 70390.0362733116 77290.0340637795 235582.56520907054 180507.13087035625 169707.39598543162 101012.22377030813 127255.26113656638 161478.73332468 106618.96136918449 ]
[ 218076.9611032471 39555.88462929394 178184.92514993952 197379.06982360678 256339.35199228162 219048.69155321355 250130.61638047572 250771.14103364747 39950.49246252888 3377.168105722713 97656.35936034146 57308.98583288327 32077.628077740155 0.0 58453.06481697075 62377.715880496864 109996.93972385925 73910.98613213761 83763.6097610745 108630.95018543923 252334.09828523482 197258.66394652054 186458.9290615959 117763.75684647242 157411.13193757826 178230.2664008443 119992.53485694743 ]
[ 201390.68833944344 28853.898624801375 150365.84904357407 180692.79705980307 239226.49249871733 210462.60914605166 233017.75688691143 234084.86826984375 94063.16906506753 61463.90414719494 58648.15317400231 17232.062946717193 27112.148695311065 58453.06481697075 0.0 46819.91614924381 71498.05123166495 69685.03478654158 75564.79079440722 64469.423178767545 230068.89330272854 169950.63621868505 159150.90133376027 90455.7291186366 106921.2597081198 152381.5515293215 108187.26716080985 ]
[ 156850.91315641228 29156.989606377505 123486.34773872714 136153.0218767719 194686.71731568617 172375.94326513042 188477.98170388027 189545.0930868126 99341.56795213978 65388.55521072105 43899.62740012018 59431.80705038445 45626.182804332726 62377.715880496864 46819.91614924381 0.0 56248.31053033861 31832.436467312273 37185.96176396621 84503.47166300319 190836.7797721903 143023.92831656584 132224.1934316411 59912.02409843178 117244.678071742 116732.9478877998 63550.31493152589 ]
[ 170926.59005319586 76776.21344973976 85445.4609054632 150228.69877355554 186762.29090304114 188576.22689726754 180553.55529123524 203620.76998359623 146960.7917955022 113007.77905408344 12950.62024506461 87872.50075357391 84925.42721830921 109996.93972385925 71498.05123166495 56248.31053033861 0.0 84371.65669943574 80300.1798014017 83983.33717629868 165089.36014439503 104971.1030603516 94171.36817542688 41495.219919573785 78586.41195829911 87402.0183709881 79428.07102897101 ]
[ 147077.75568681708 48041.08706749068 118388.76578385672 126379.86440717666 187445.11075897724 148049.4861367833 181236.37514717135 179771.9356172174 110874.83820378048 73887.52679030174 71933.52254726079 78848.70118650491 63634.64495106385 73910.98613213761 69685.03478654158 31832.436467312273 84371.65669943574 0.0 11995.247278697216 111225.97096915907 184609.9753696303 138080.9219096813 127281.18702475655 65216.79275603899 145706.4144776317 110506.14348523958 48899.93076527192 ]
[ 136523.98738511448 53920.84307535635 107834.99748215413 115826.0961054741 176891.34245727467 137495.7178350807 170682.60684546878 169218.16731551487 120727.46183271738 85882.77406899902 67862.04564922674 84728.45719437058 70390.0362733116 83763.6097610745 75564.79079440722 37185.96176396621 80300.1798014017 11995.247278697216 0.0 116806.58343309435 174905.03345111004 128375.97999116109 117576.24510623637 56146.05546002719 150355.39441410708 100801.20156671939 38988.54112448605 ]
[ 232541.80032923268 81416.77416605498 130155.5183234241 214145.97457471568 229987.42672591645 252146.807627533 223717.3526892529 257556.8614867837 141265.81167924876 111641.78951566342 71145.07972293341 52251.02458174364 77290.0340637795 108630.95018543923 64469.423178767545 84503.47166300319 83983.33717629868 111225.97096915907 116806.58343309435 0.0 207174.70699629455 126852.251685202 139362.96655793866 107662.41964659833 53468.59478742208 132593.61675349995 143080.63852845368 ]
[ 106170.82532988809 219113.37201111537 83681.24117282746 102542.57187614155 31021.0794389863 159971.56286495327 24947.432996439962 93639.92757373517 289297.9503568777 255344.93761545906 176366.43015505574 246443.34282463745 235582.56520907054 252334.09828523482 230068.89330272854 190836.7797721903 165089.36014439503 184609.9753696303 174905.03345111004 207174.70699629455 0.0 79825.00397044819 84236.44604430671 143258.51945283893 153156.03372675605 79599.60845297482 135316.1646649073 ]
[ 127574.40207046279 164037.93767240108 19986.767376503572 113388.9389398941 103677.06405739213 169338.31687125136 97406.99002072848 148915.75710920288 234222.51601816338 200269.50327674477 116248.17307101228 176159.11647198218 180507.13087035625 197258.66394652054 169950.63621868505 143023.92831656584 104971.1030603516 138080.9219096813 128375.97999116109 126852.251685202 79825.00397044819 0.0 17447.461516871408 89311.21684895862 73462.3802270364 28685.836146693226 88206.71971451616 ]
[ 129002.35693941434 153238.20278747645 9187.032491578833 110606.53118489737 108088.50613125066 158538.58198632664 101818.43209458701 152760.2479949293 223422.78113323875 189469.76839182014 105448.43818608756 175525.35085566918 169707.39598543162 186458.9290615959 159150.90133376027 132224.1934316411 94171.36817542688 127281.18702475655 117576.24510623637 139362.96655793866 84236.44604430671 17447.461516871408 0.0 78511.48196403387 90138.10436279321 17886.1012617685 77406.98482959141 ]
[ 129753.84840871405 84543.03057235293 69869.61915088247 109055.95712907362 154741.09925453633 147403.4852527857 148532.36364273043 162448.02833911442 154727.6089181153 120774.5961766966 36798.04770945156 106830.17864054556 101012.22377030813 117763.75684647242 90455.7291186366 59912.02409843178 41495.219919573785 65216.79275603899 56146.05546002719 107662.41964659833 143258.51945283893 89311.21684895862 78511.48196403387 0.0 104896.30373317172 66515.78121486549 38207.14605902855 ]
[ 183882.52355545058 119756.6871559614 81496.24154964181 165486.6978009336 177008.09381369987 211037.75022038785 170738.0197770363 208897.58471300147 191790.24667170705 160421.9712678025 82695.89889713643 102775.4595742022 127255.26113656638 157411.13193757826 106921.2597081198 117244.678071742 78586.41195829911 145706.4144776317 150355.39441410708 53468.59478742208 153156.03372675605 73462.3802270364 90138.10436279321 104896.30373317172 0.0 83505.50863824542 121886.92023804698 ]
[ 112577.83497255473 145009.54012672484 9928.113591940686 94182.0092180378 103451.66853991876 142114.06001946723 97181.59450325511 135985.20445541243 215194.11847248714 181241.10573106853 98679.08838164878 168756.0010512304 161478.73332468 178230.2664008443 152381.5515293215 116732.9478877998 87402.0183709881 110506.14348523958 100801.20156671939 132593.61675349995 79599.60845297482 28685.836146693226 17886.1012617685 66515.78121486549 83505.50863824542 0.0 60980.59337935079 ]
[ 98137.98706272409 90149.76817122928 69448.9971597636 77440.09578308366 138505.34213488403 114272.45547936903 132296.60652307823 130832.16699312457 156956.38692859028 122787.45755557375 74737.87551375748 120957.38229024343 106618.96136918449 119992.53485694743 108187.26716080985 63550.31493152589 79428.07102897101 48899.93076527192 38988.54112448605 143080.63852845368 135316.1646649073 88206.71971451616 77406.98482959141 38207.14605902855 121886.92023804698 60980.59337935079 0.0 ]
]